Initial Residual = 33.0132
Kokkos::DefaultExecutionSpace().concurrency() = 163840
nrows = 35937
r.extent(0) = 35937
rows_per_team = 8
team_size = 8
use_graph = 0
Iteration = 50   Residual = 8.30409e-06
CGSolve for 3D (32 32 32); 63 iterations; 0.004901 time
Performance: 30.467886 GFlop/s 328.403775 GB/s (Calls SPMV: 64 Dot: 63 AXPBY: 191
