Initial Residual = 33.0132
Kokkos::DefaultExecutionSpace().concurrency() = 163840
nrows = 35937
r.extent(0) = 35937
rows_per_team = 8
team_size = 8
use_graph = 1
Iteration = 50   Residual = 8.30409e-06
CGSolve for 3D (32 32 32); 63 iterations; 0.004678 time
Performance: 31.920850 GFlop/s 344.064816 GB/s (Calls SPMV: 64 Dot: 63 AXPBY: 191
