Initial Residual = 17.0223
Kokkos::DefaultExecutionSpace().concurrency() = 163840
nrows = 4913
r.extent(0) = 4913
rows_per_team = 8
team_size = 8
use_graph = 0
Iteration = 50   Residual = 3.90207e-16
CGSolve for 3D (16 16 16); 50 iterations; 0.001840 time
Performance: 8.837402 GFlop/s 95.264603 GB/s (Calls SPMV: 51 Dot: 50 AXPBY: 152
