Initial Residual = 65.0072
Kokkos::DefaultExecutionSpace().concurrency() = 163840
nrows = 274625
r.extent(0) = 274625
rows_per_team = 8
team_size = 8
use_graph = 1
Iteration = 50   Residual = 0.00627411
Iteration = 100   Residual = 5.82655e-06
CGSolve for 3D (64 64 64); 123 iterations; 0.031968 time
Performance: 69.196502 GFlop/s 745.713350 GB/s (Calls SPMV: 124 Dot: 123 AXPBY: 371
