Initial Residual = 33.0132
Kokkos::DefaultExecutionSpace().concurrency() = 163840
nrows = 35937
r.extent(0) = 35937
rows_per_team = 8
team_size = 8
use_graph = 0
Iteration = 50   Residual = 8.30409e-06
Iteration = 100   Residual = 1.47556e-15
CGSolve for 3D (32 32 32); 100 iterations; 0.006020 time
Performance: 39.157397 GFlop/s 422.007864 GB/s (Calls SPMV: 101 Dot: 100 AXPBY: 302
